0.000000 1.000000
0.006122 0.971732
0.012245 0.890959
0.018367 0.768968
0.024490 0.622094
0.030612 0.468618
0.036735 0.325491
0.042857 0.205608
0.048980 0.116154
0.055102 0.058302
0.061224 0.028132
0.067347 0.018429
0.073469 0.020808
0.079592 0.027639
0.085714 0.033381
0.091837 0.035111
0.097959 0.032327
0.104082 0.026227
0.110204 0.018773
0.116327 0.011849
0.122449 0.006702
0.128571 0.003749
0.134694 0.002694
0.140816 0.002828
0.146939 0.003376
0.153061 0.003754
0.159184 0.003689
0.165306 0.003194
0.171429 0.002465
0.177551 0.001734
0.183673 0.001175
0.189796 0.000847
0.195918 0.000715
0.202041 0.000691
0.208163 0.000686
0.214286 0.000650
0.220408 0.000575
0.226531 0.000484
0.232653 0.000405
0.238776 0.000357
0.244898 0.000336
0.251020 0.000327
0.257143 0.000313
0.263265 0.000285
0.269388 0.000248
0.275510 0.000216
0.281633 0.000206
0.287755 0.000222
0.293878 0.000261
0.300000 0.000304
