0.000000 1.000000
0.006122 0.944688
0.012245 0.794616
0.018367 0.590757
0.024490 0.382765
0.030612 0.210993
0.036735 0.095201
0.042857 0.033717
0.048980 0.011061
0.055102 0.008414
0.061224 0.011459
0.067347 0.013114
0.073469 0.012025
0.079592 0.009448
0.085714 0.006796
0.091837 0.004707
0.097959 0.003200
0.104082 0.002121
0.110204 0.001376
0.116327 0.000916
0.122449 0.000672
0.128571 0.000549
0.134694 0.000474
0.140816 0.000421
0.146939 0.000393
0.153061 0.000387
0.159184 0.000386
0.165306 0.000368
0.171429 0.000329
0.177551 0.000281
0.183673 0.000241
0.189796 0.000217
0.195918 0.000208
0.202041 0.000206
0.208163 0.000208
0.214286 0.000209
0.220408 0.000209
0.226531 0.000206
0.232653 0.000197
0.238776 0.000183
0.244898 0.000169
0.251020 0.000156
0.257143 0.000147
0.263265 0.000141
0.269388 0.000138
0.275510 0.000135
0.281633 0.000133
0.287755 0.000131
0.293878 0.000131
0.300000 0.000130
