0.000000 1.000000
0.006122 0.984787
0.012245 0.940348
0.018367 0.870147
0.024490 0.779515
0.030612 0.675061
0.036735 0.563957
0.042857 0.453209
0.048980 0.348998
0.055102 0.256180
0.061224 0.177976
0.067347 0.115896
0.073469 0.069857
0.079592 0.038472
0.085714 0.019435
0.091837 0.009951
0.097959 0.007132
0.104082 0.008331
0.110204 0.011363
0.116327 0.014623
0.122449 0.017101
0.128571 0.018314
0.134694 0.018191
0.140816 0.016937
0.146939 0.014897
0.153061 0.012452
0.159184 0.009938
0.165306 0.007608
0.171429 0.005614
0.177551 0.004020
0.183673 0.002822
0.189796 0.001972
0.195918 0.001400
0.202041 0.001036
0.208163 0.000815
0.214286 0.000689
0.220408 0.000620
0.226531 0.000583
0.232653 0.000560
0.238776 0.000543
0.244898 0.000524
0.251020 0.000499
0.257143 0.000467
0.263265 0.000430
0.269388 0.000388
0.275510 0.000346
0.281633 0.000310
0.287755 0.000282
0.293878 0.000266
0.300000 0.000264
