0.03466274662162 0.00000000000000
0.10398823986486 0.00000000000000
0.17331373310811 0.00000000000000
0.24263922635135 0.00000000000000
0.31196471959459 0.00000000000000
0.38129021283784 0.00000000000000
0.45061570608108 0.00000000000000
0.51994119932432 0.00000000000000
0.58926669256757 0.00000000000000
0.65859218581081 0.00000000000000
0.72791767905405 0.00000000000000
0.79724317229730 0.00000000000000
0.86656866554054 0.00000000000000
0.93589415878378 0.00000000000000
1.00521965202703 0.00000000000000
1.07454514527027 0.00000000000000
1.14387063851351 0.00000000000000
1.21319613175676 0.00000000000000
1.28252162500000 0.00000000000000
1.35184711824324 0.00000000000000
1.42117261148649 0.00000000000000
1.49049810472973 0.00000000000000
1.55982359797297 0.00000000000000
1.62914909121622 0.00000000000000
1.69847458445946 0.00000000000000
1.76780007770270 0.00000000000000
1.83712557094595 0.00000000000000
1.90645106418919 0.00000000000000
1.97577655743243 0.00000000000000
2.04510205067568 0.00000000000000
2.11442754391892 0.00000000000000
2.18375303716216 0.00000000000000
2.25307853040541 0.00000000000000
2.32240402364865 0.00000000000000
2.39172951689189 0.00000000000000
2.46105501013513 0.00000000000000
2.53038050337838 0.00000000000000
2.59970599662162 0.00000000000000
2.66903148986486 0.00000000000000
2.73835698310811 0.00000000000000
2.80768247635135 0.00000000000000
2.87700796959459 0.00000000000000
2.94633346283784 0.00000000000000
3.01565895608108 0.00002337545305
3.08498444932432 0.00084157217651
3.15430994256757 0.01263674543158
3.22363543581081 0.08591911642580
3.29296092905405 0.32575272043351
3.36228642229730 0.81096169190666
3.43161191554054 1.47692795414703
3.50093740878378 2.15336357375180
3.57026290202703 2.66936599808369
3.63958839527027 2.95074795750915
3.70891388851351 3.00929955321583
3.77823938175676 2.90030291084965
3.84756487500000 2.69305862712467
3.91689036824324 2.44033296077430
3.98621586148649 2.17963579436696
4.05554135472973 1.93257307446374
4.12486684797297 1.70893576890933
4.19419234121622 1.51183717169926
4.26351783445946 1.34421162815819
4.33284332770270 1.20025916414671
4.40216882094595 1.07951500437485
4.47149431418919 0.97905066247080
4.54081980743243 0.89489373995177
4.61014530067567 0.82390337426191
4.67947079391892 0.76542410704142
4.74879628716216 0.71803374142340
4.81812178040540 0.67937171158567
4.88744727364865 0.64753316088882
4.95677276689189 0.62225718772104
5.02609826013513 0.60365912269130
5.09542375337838 0.58988950524620
5.16474924662162 0.58177473321070
5.23407473986486 0.57750919325971
5.30340023310811 0.57800442235212
5.37272572635135 0.58248182017255
5.44205121959459 0.59149865612397
5.51137671283784 0.60486390003076
5.58070220608108 0.62171231249624
5.65002769932432 0.64423568768785
5.71935319256757 0.67024265033968
5.78867868581081 0.70134300884595
5.85800417905405 0.73665145130074
5.92732967229730 0.77592901522795
5.99665516554054 0.81821362334025
6.06598065878378 0.86331524652145
6.13530615202703 0.90999686087422
6.20463164527027 0.95685148812436
6.27395713851351 1.00238710815610
6.34328263175676 1.04537780532454
6.41260812500000 1.08549939160828
6.48193361824324 1.12161064596627
6.55125911148649 1.15441008565117
6.62058460472973 1.18236175876323
6.68991009797297 1.20718094262314
6.75923559121621 1.22864868493060
6.82856108445946 1.24728144860544
6.89788657770270 1.26294267901267
6.96721207094595 1.27375049364684
7.03653756418919 1.28061984913834
7.10586305743243 1.28122684834527
7.17518855067567 1.27531809481942
7.24451404391892 1.26336373636196
7.31383953716216 1.24422858706556
7.38316503040540 1.22078181938847
7.45249052364865 1.19165129508793
7.52181601689189 1.15959586941526
7.59114151013513 1.12571591997873
7.66046700337838 1.09056092287018
7.72979249662162 1.05531459510579
7.79911798986486 1.02086138471995
7.86844348310811 0.98913644408920
7.93776897635135 0.95915141511780
8.00709446959459 0.93136418189590
8.07641996283784 0.90689322289481
8.14574545608108 0.88570455690995
8.21507094932432 0.86746349162037
8.28439644256757 0.85265525126319
8.35372193581081 0.84121479065080
8.42304742905405 0.83352096391125
8.49237292229730 0.82870611540714
8.56169841554054 0.82688360198162
8.63102390878378 0.82831401311585
8.70034940202703 0.83265804189286
8.76967489527027 0.83996005076132
8.83900038851351 0.84971515667244
8.90832588175676 0.86188188271685
8.97765137500000 0.87641137064192
9.04697686824324 0.89228692567599
9.11630236148648 0.91007278336315
9.18562785472973 0.92903859261818
9.25495334797297 0.94866646064118
9.32427884121621 0.96838514745935
9.39360433445946 0.98824981863723
9.46292982770270 1.00774295242790
9.53225532094594 1.02592926373989
9.60158081418919 1.04283873611826
9.67090630743243 1.05826579291893
9.74023180067567 1.07185329651966
9.80955729391892 1.08282911003988
9.87888278716216 1.09190742674758
9.94820828040540 1.09851387542744
10.01753377364865 1.10326381409008
10.08685926689189 1.10530389315227
10.15618476013513 1.10509073629570
10.22551025337838 1.10359757300898
10.29483574662162 1.09985373046513
10.36416123986486 1.09474769272694
10.43348673310811 1.08841362174387
10.50281222635135 1.08081155400771
10.57213771959459 1.07235568715234
10.64146321283784 1.06299142208977
10.71078870608108 1.05329010250466
10.78011419932432 1.04297849610183
10.84943969256757 1.03212910346783
10.91876518581081 1.02153924735113
10.98809067905405 1.01067324327559
11.05741617229730 0.99991097235391
11.12674166554054 0.98963659449271
11.19606715878378 0.97958937684504
11.26539265202702 0.97038501183244
11.33471814527027 0.96183791502544
11.40404363851351 0.95427797703810
11.47336913175675 0.94734551133195
11.54269462500000 0.94220614210043
11.61202011824324 0.93761583072568
11.68134561148648 0.93435356551943
11.75067110472973 0.93250382215126
11.81999659797297 0.93207953353825
11.88932209121621 0.93292474039033
11.95864758445946 0.93485189499801
12.02797307770270 0.93796345090884
12.09729857094594 0.94204869240268
12.16662406418919 0.94750931542302
12.23594955743243 0.95345879010793
12.30527505067567 0.96030598696196
12.37460054391892 0.96765917090213
12.44392603716216 0.97575190416853
12.51325153040540 0.98372693857079
12.58257702364865 0.99192268927255
12.65190251689189 1.00004796454447
12.72122801013513 1.00772823364561
12.79055350337838 1.01510560488310
12.85987899662162 1.02204042001365
12.92920448986486 1.02801759883642
12.99852998310811 1.03331671732193
13.06785547635135 1.03764675384336
13.13718096959459 1.04105828872759
13.20650646283784 1.04356253928787
13.27583195608108 1.04507581929540
13.34515744932432 1.04556471805452
13.41448294256756 1.04535005412673
13.48380843581081 1.04434831605552
13.55313392905405 1.04194757395484
13.62245942229730 1.03959882675403
13.69178491554054 1.03613726560958
13.76111040878378 1.03221325068035
13.83043590202703 1.02802818753915
13.89976139527027 1.02362533611474
13.96908688851351 1.01881039577716
14.03841238175676 1.01376205460938
14.10773787500000 1.00896642620491
14.17706336824324 1.00427334772369
14.24638886148648 0.99928224572438
14.31571435472973 0.99470053754704
14.38503984797297 0.99054052694990
14.45436534121621 0.98658140822592
14.52369083445946 0.98291757509810
14.59301632770270 0.97997600832690
14.66234182094594 0.97706551914121
14.73166731418919 0.97486697842855
14.80099280743243 0.97322360179553
14.87031830067567 0.97188657380238
14.93964379391892 0.97135933857332
15.00896928716216 0.97122747855821
15.07829478040540 0.97153715138158
15.14762027364865 0.97221324850405
15.21694576689189 0.97376251744086
15.28627126013513 0.97535114763172
15.35559675337838 0.97760184700544
15.42492224662162 0.98011150461587
15.49424773986486 0.98264444310726
15.56357323310811 0.98600095647646
15.63289872635135 0.98913332143715
15.70222421959459 0.99248295766022
15.77154971283784 0.99592157957904
15.84087520608108 0.99935482554137
15.91020069932432 1.00256238596540
15.97952619256757 1.00564934358412
16.04885168581081 1.00872450419259
16.11817717905405 1.01133362154869
16.18750267229730 1.01377304986162
16.25682816554054 1.01561600161361
16.32615365878378 1.01748136070914
16.39547915202703 1.01866629499535
16.46480464527027 1.01950857000315
16.53413013851351 1.02006092515977
16.60345563175676 1.02003398355844
16.67278112500000 1.01974149892558
16.74210661824324 1.01899001080480
16.81143211148649 1.01781674300829
16.88075760472973 1.01683461718814
16.95008309797297 1.01503833842731
17.01940859121621 1.01322483206611
17.08873408445946 1.01118022431276
17.15805957770270 1.00903562123017
17.22738507094594 1.00705633217038
17.29671056418919 1.00483825088496
17.36603605743243 1.00234200427067
17.43536155067567 0.99995705784174
17.50468704391892 0.99796298817006
17.57401253716216 0.99606887841580
17.64333803040540 0.99408940214608
17.71266352364865 0.99240404556681
17.78198901689189 0.99080330063732
17.85131451013513 0.98966498471365
17.92064000337838 0.98857933754350
17.98996549662162 0.98754115357720
18.05929098986486 0.98716352391741
18.12861648310810 0.98677793467025
18.19794197635135 0.98686464163197
18.26726746959459 0.98685521785687
18.33659296283783 0.98731063779138
18.40591845608108 0.98798061384475
18.47524394932432 0.98877319295895
18.54456944256756 0.98978525222123
18.61389493581081 0.99079829649664
18.68322042905405 0.99212615638998
18.75254592229729 0.99337762617497
18.82187141554054 0.99506256298184
18.89119690878378 0.99658854975927
18.96052240202702 0.99798606652603
19.02984789527027 0.99951972969889
19.09917338851351 1.00083041524186
19.16849888175675 1.00241003246145
19.23782437500000 1.00365381603315
19.30714986824324 1.00490215118058
19.37647536148648 1.00592470614439
19.44580085472973 1.00691302527974
19.51512634797297 1.00774934112188
19.58445184121621 1.00852099865003
19.65377733445946 1.00868464528316
19.72310282770270 1.00908697560977
19.79242832094594 1.00924055557865
19.86175381418919 1.00908464731943
19.93107930743243 1.00888928856862
20.00040480067567 1.00825113412838
20.06973029391892 1.00778830587031
20.13905578716216 1.00726384323672
20.20838128040540 1.00645077407505
20.27770677364865 1.00540717281720
20.34703226689189 1.00460474564887
20.41635776013513 1.00342414269954
20.48568325337838 1.00245177416349
20.55500874662162 1.00142186091425
20.62433423986486 1.00030341481308
20.69365973310811 0.99931556782892
20.76298522635135 0.99830763571001
20.83231071959459 0.99734398310995
20.90163621283784 0.99656651359523
20.97096170608108 0.99592675403961
21.04028719932432 0.99510991406206
21.10961269256757 0.99473464583861
21.17893818581081 0.99425954662325
21.24826367905405 0.99400286647591
21.31758917229729 0.99365303891147
21.38691466554054 0.99381745169154
21.45624015878378 0.99374776055332
21.52556565202702 0.99392435147077
21.59489114527027 0.99426692051525
21.66421663851351 0.99448955486802
21.73354213175675 0.99499446695660
21.80286762500000 0.99559885792991
21.87219311824324 0.99616253815285
21.94151861148648 0.99674035485710
22.01084410472973 0.99749617790436
22.08016959797297 0.99811944171177
22.14949509121621 0.99880973745642
22.21882058445946 0.99951951994590
22.28814607770270 1.00026206152184
22.35747157094594 1.00104626274001
22.42679706418918 1.00159655936166
22.49612255743243 1.00231283998558
22.56544805067567 1.00278861927835
22.63477354391891 1.00332522912784
22.70409903716216 1.00357211959086
