0.000000 1.000000
0.006122 0.959256
0.012245 0.848375
0.018367 0.696617
0.024490 0.539239
0.030612 0.404523
0.036735 0.305759
0.042857 0.241042
0.048980 0.199342
0.055102 0.168497
0.061224 0.140824
0.067347 0.114382
0.073469 0.090788
0.079592 0.072037
0.085714 0.058514
0.091837 0.048915
0.097959 0.041373
0.104082 0.034610
0.110204 0.028336
0.116327 0.022891
0.122449 0.018638
0.128571 0.015590
0.134694 0.013427
0.140816 0.011732
0.146939 0.010223
0.153061 0.008813
0.159184 0.007542
0.165306 0.006476
0.171429 0.005639
0.177551 0.005010
0.183673 0.004539
0.189796 0.004180
0.195918 0.003895
0.202041 0.003658
0.208163 0.003447
0.214286 0.003244
0.220408 0.003033
0.226531 0.002807
0.232653 0.002569
0.238776 0.002329
0.244898 0.002104
0.251020 0.001899
0.257143 0.001716
0.263265 0.001550
0.269388 0.001400
0.275510 0.001271
0.281633 0.001168
0.287755 0.001092
0.293878 0.001039
0.300000 0.000999
