0.000000 1.000000
0.006122 0.985913
0.012245 0.944678
0.018367 0.879263
0.024490 0.794270
0.030612 0.695460
0.036735 0.589183
0.042857 0.481773
0.048980 0.378982
0.055102 0.285532
0.061224 0.204798
0.067347 0.138680
0.073469 0.087641
0.079592 0.050888
0.085714 0.026669
0.091837 0.012621
0.097959 0.006132
0.104082 0.004656
0.110204 0.005967
0.116327 0.008312
0.122449 0.010480
0.128571 0.011786
0.134694 0.011986
0.140816 0.011165
0.146939 0.009605
0.153061 0.007664
0.159184 0.005683
0.165306 0.003925
0.171429 0.002544
0.177551 0.001587
0.183673 0.001017
0.189796 0.000746
0.195918 0.000662
0.202041 0.000666
0.208163 0.000681
0.214286 0.000666
0.220408 0.000612
0.226531 0.000531
0.232653 0.000450
0.238776 0.000392
0.244898 0.000378
0.251020 0.000411
0.257143 0.000487
0.263265 0.000586
0.269388 0.000688
0.275510 0.000771
0.281633 0.000817
0.287755 0.000818
0.293878 0.000773
0.300000 0.000690
