0.000000 1.000000
0.006122 0.997873
0.012245 0.991521
0.018367 0.981035
0.024490 0.966561
0.030612 0.948302
0.036735 0.926508
0.042857 0.901475
0.048980 0.873534
0.055102 0.843048
0.061224 0.810402
0.067347 0.775993
0.073469 0.740228
0.079592 0.703508
0.085714 0.666228
0.091837 0.628762
0.097959 0.591466
0.104082 0.554663
0.110204 0.518648
0.116327 0.483675
0.122449 0.449963
0.128571 0.417690
0.134694 0.386994
0.140816 0.357975
0.146939 0.330693
0.153061 0.305178
0.159184 0.281424
0.165306 0.259401
0.171429 0.239053
0.177551 0.220307
0.183673 0.203072
0.189796 0.187249
0.195918 0.172733
0.202041 0.159413
0.208163 0.147182
0.214286 0.135934
0.220408 0.125571
0.226531 0.116001
0.232653 0.107141
0.238776 0.098918
0.244898 0.091268
0.251020 0.084139
0.257143 0.077486
0.263265 0.071273
0.269388 0.065471
0.275510 0.060057
0.281633 0.055014
0.287755 0.050327
0.293878 0.045984
0.300000 0.041975
