0.000000 1.000000
0.006122 0.979056
0.012245 0.918678
0.018367 0.825793
0.024490 0.710591
0.030612 0.584815
0.036735 0.459919
0.042857 0.345475
0.048980 0.248097
0.055102 0.171045
0.061224 0.114465
0.067347 0.076103
0.073469 0.052273
0.079592 0.038815
0.085714 0.031878
0.091837 0.028398
0.097959 0.026288
0.104082 0.024369
0.110204 0.022167
0.116327 0.019651
0.122449 0.016992
0.128571 0.014403
0.134694 0.012041
0.140816 0.009987
0.146939 0.008253
0.153061 0.006817
0.159184 0.005641
0.165306 0.004693
0.171429 0.003950
0.177551 0.003390
0.183673 0.002990
0.189796 0.002718
0.195918 0.002537
0.202041 0.002407
0.208163 0.002291
0.214286 0.002161
0.220408 0.002007
0.226531 0.001827
0.232653 0.001632
0.238776 0.001440
0.244898 0.001267
0.251020 0.001121
0.257143 0.001009
0.263265 0.000926
0.269388 0.000866
0.275510 0.000818
0.281633 0.000776
0.287755 0.000734
0.293878 0.000688
0.300000 0.000640
