0.000000 1.000000
0.006122 0.979226
0.012245 0.919511
0.018367 0.828150
0.024490 0.715680
0.030612 0.593900
0.036735 0.473863
0.042857 0.364277
0.048980 0.270648
0.055102 0.195199
0.061224 0.137444
0.067347 0.095111
0.073469 0.065128
0.079592 0.044406
0.085714 0.030325
0.091837 0.020893
0.097959 0.014704
0.104082 0.010778
0.110204 0.008406
0.116327 0.007044
0.122449 0.006261
0.128571 0.005737
0.134694 0.005266
0.140816 0.004745
0.146939 0.004156
0.153061 0.003535
0.159184 0.002933
0.165306 0.002396
0.171429 0.001952
0.177551 0.001608
0.183673 0.001356
0.189796 0.001178
0.195918 0.001052
0.202041 0.000960
0.208163 0.000887
0.214286 0.000822
0.220408 0.000759
0.226531 0.000697
0.232653 0.000635
0.238776 0.000574
0.244898 0.000515
0.251020 0.000460
0.257143 0.000408
0.263265 0.000363
0.269388 0.000325
0.275510 0.000296
0.281633 0.000276
0.287755 0.000264
0.293878 0.000259
0.300000 0.000259
