0.000000 233194.352329
0.010204 231605.319563
0.020408 226898.618525
0.030612 219251.897147
0.040816 208949.692920
0.051020 196367.041140
0.061224 181948.283961
0.071429 166182.645636
0.081633 149578.334499
0.091837 132636.974477
0.102041 115830.059589
0.112245 99578.879604
0.122449 84239.012429
0.132653 70090.056123
0.142857 57330.823411
0.153061 46079.786568
0.163265 36380.179476
0.173469 28208.866861
0.183673 21487.898547
0.193878 16097.587002
0.204082 11889.975961
0.214286 8701.692074
0.224490 6365.368117
0.234694 4719.067911
0.244898 3613.400785
0.255102 2916.259973
0.265306 2515.332077
0.275510 2318.687363
0.285714 2253.864506
0.295918 2265.907364
0.306122 2314.800957
0.316327 2372.699938
0.326531 2421.259359
0.336735 2449.279612
0.346939 2450.779241
0.357143 2423.522601
0.367347 2367.962272
0.377551 2286.512916
0.387755 2183.054236
0.397959 2062.562811
0.408163 1930.790748
0.418367 1793.936671
0.428571 1658.285206
0.438776 1529.819022
0.448980 1413.828499
0.459184 1314.555997
0.469388 1234.913915
0.479592 1176.309548
0.489796 1138.597405
0.500000 1120.164100
