0.000000 1.000000
0.006122 0.990536
0.012245 0.962634
0.018367 0.917732
0.024490 0.858096
0.030612 0.786650
0.036735 0.706757
0.042857 0.621970
0.048980 0.535791
0.055102 0.451449
0.061224 0.371712
0.067347 0.298758
0.073469 0.234105
0.079592 0.178600
0.085714 0.132466
0.091837 0.095385
0.097959 0.066624
0.104082 0.045162
0.110204 0.029827
0.116327 0.019412
0.122449 0.012774
0.128571 0.008900
0.134694 0.006950
0.140816 0.006263
0.146939 0.006356
0.153061 0.006892
0.159184 0.007647
0.165306 0.008481
0.171429 0.009302
0.177551 0.010045
0.183673 0.010658
0.189796 0.011093
0.195918 0.011306
0.202041 0.011266
0.208163 0.010956
0.214286 0.010376
0.220408 0.009553
0.226531 0.008533
0.232653 0.007378
0.238776 0.006162
0.244898 0.004959
0.251020 0.003834
0.257143 0.002843
0.263265 0.002020
0.269388 0.001382
0.275510 0.000923
0.281633 0.000626
0.287755 0.000460
0.293878 0.000390
0.300000 0.000382
