0.000000 1.000000
0.006122 0.993407
0.012245 0.973883
0.018367 0.942178
0.024490 0.899493
0.030612 0.847416
0.036735 0.787831
0.042857 0.722820
0.048980 0.654548
0.055102 0.585160
0.061224 0.516677
0.067347 0.450904
0.073469 0.389362
0.079592 0.333237
0.085714 0.283355
0.091837 0.240177
0.097959 0.203817
0.104082 0.174080
0.110204 0.150514
0.116327 0.132466
0.122449 0.119150
0.128571 0.109711
0.134694 0.103280
0.140816 0.099034
0.146939 0.096227
0.153061 0.094223
0.159184 0.092514
0.165306 0.090720
0.171429 0.088590
0.177551 0.085984
0.183673 0.082856
0.189796 0.079234
0.195918 0.075197
0.202041 0.070856
0.208163 0.066333
0.214286 0.061747
0.220408 0.057205
0.226531 0.052797
0.232653 0.048588
0.238776 0.044622
0.244898 0.040925
0.251020 0.037506
0.257143 0.034362
0.263265 0.031483
0.269388 0.028853
0.275510 0.026456
0.281633 0.024275
0.287755 0.022294
0.293878 0.020497
0.300000 0.018871
