0.000000 1.000000
0.006122 0.992466
0.012245 0.970199
0.018367 0.934184
0.024490 0.885987
0.030612 0.827651
0.036735 0.761564
0.042857 0.690302
0.048980 0.616477
0.055102 0.542583
0.061224 0.470863
0.067347 0.403206
0.073469 0.341072
0.079592 0.285460
0.085714 0.236905
0.091837 0.195515
0.097959 0.161029
0.104082 0.132894
0.110204 0.110357
0.116327 0.092552
0.122449 0.078582
0.128571 0.067594
0.134694 0.058825
0.140816 0.051644
0.146939 0.045562
0.153061 0.040232
0.159184 0.035435
0.165306 0.031057
0.171429 0.027055
0.177551 0.023434
0.183673 0.020219
0.189796 0.017432
0.195918 0.015079
0.202041 0.013145
0.208163 0.011592
0.214286 0.010361
0.220408 0.009385
0.226531 0.008593
0.232653 0.007922
0.238776 0.007318
0.244898 0.006748
0.251020 0.006191
0.257143 0.005646
0.263265 0.005121
0.269388 0.004632
0.275510 0.004196
0.281633 0.003830
0.287755 0.003541
0.293878 0.003330
0.300000 0.003192
