0.000000 1.000000
0.006122 0.993492
0.012245 0.974214
0.018367 0.942898
0.024490 0.900714
0.030612 0.849210
0.036735 0.790225
0.042857 0.725792
0.048980 0.658033
0.055102 0.589052
0.061224 0.520837
0.067347 0.455172
0.073469 0.393569
0.079592 0.337216
0.085714 0.286953
0.091837 0.243265
0.097959 0.206298
0.104082 0.175895
0.110204 0.151642
0.116327 0.132924
0.122449 0.118990
0.128571 0.109013
0.134694 0.102146
0.140816 0.097578
0.146939 0.094567
0.153061 0.092474
0.159184 0.090779
0.165306 0.089086
0.171429 0.087124
0.177551 0.084730
0.183673 0.081839
0.189796 0.078457
0.195918 0.074647
0.202041 0.070507
0.208163 0.066149
0.214286 0.061689
0.220408 0.057233
0.226531 0.052872
0.232653 0.048678
0.238776 0.044702
0.244898 0.040976
0.251020 0.037517
0.257143 0.034329
0.263265 0.031406
0.269388 0.028738
0.275510 0.026311
0.281633 0.024107
0.287755 0.022112
0.293878 0.020309
0.300000 0.018681
