0.000000 1.000000
0.006122 0.988156
0.012245 0.953382
0.018367 0.897874
0.024490 0.825063
0.030612 0.739296
0.036735 0.645441
0.042857 0.548472
0.048980 0.453065
0.055102 0.363259
0.061224 0.282204
0.067347 0.212023
0.073469 0.153781
0.079592 0.107568
0.085714 0.072653
0.091837 0.047695
0.097959 0.030984
0.104082 0.020664
0.110204 0.014931
0.116327 0.012186
0.122449 0.011128
0.128571 0.010795
0.134694 0.010560
0.140816 0.010085
0.146939 0.009258
0.153061 0.008124
0.159184 0.006811
0.165306 0.005473
0.171429 0.004248
0.177551 0.003233
0.183673 0.002476
0.189796 0.001977
0.195918 0.001698
0.202041 0.001582
0.208163 0.001563
0.214286 0.001583
0.220408 0.001596
0.226531 0.001573
0.232653 0.001505
0.238776 0.001394
0.244898 0.001254
0.251020 0.001103
0.257143 0.000957
0.263265 0.000830
0.269388 0.000730
0.275510 0.000660
0.281633 0.000616
0.287755 0.000592
0.293878 0.000579
0.300000 0.000570
