0.000000 1.000000
0.006122 0.985222
0.012245 0.941999
0.018367 0.873547
0.024490 0.784842
0.030612 0.682101
0.036735 0.572148
0.042857 0.461749
0.048980 0.357004
0.055102 0.262844
0.061224 0.182713
0.067347 0.118427
0.073469 0.070243
0.079592 0.037068
0.085714 0.016804
0.091837 0.006742
0.097959 0.003958
0.104082 0.005668
0.110204 0.009490
0.116327 0.013610
0.122449 0.016834
0.128571 0.018560
0.134694 0.018667
0.140816 0.017380
0.146939 0.015118
0.153061 0.012358
0.159184 0.009533
0.165306 0.006967
0.171429 0.004854
0.177551 0.003260
0.183673 0.002152
0.189796 0.001440
0.195918 0.001011
0.202041 0.000757
0.208163 0.000596
0.214286 0.000477
0.220408 0.000379
0.226531 0.000296
0.232653 0.000235
0.238776 0.000202
0.244898 0.000199
0.251020 0.000221
0.257143 0.000260
0.263265 0.000303
0.269388 0.000342
0.275510 0.000372
0.281633 0.000393
0.287755 0.000410
0.293878 0.000429
0.300000 0.000455
