0.000000 1.000000
0.006122 0.984539
0.012245 0.939427
0.018367 0.868318
0.024490 0.776808
0.030612 0.671779
0.036735 0.560616
0.042857 0.450424
0.048980 0.347346
0.055102 0.256061
0.061224 0.179524
0.067347 0.118934
0.073469 0.073927
0.079592 0.042916
0.085714 0.023518
0.091837 0.012990
0.097959 0.008610
0.104082 0.007970
0.110204 0.009151
0.116327 0.010792
0.122449 0.012063
0.128571 0.012579
0.134694 0.012277
0.140816 0.011295
0.146939 0.009863
0.153061 0.008219
0.159184 0.006567
0.165306 0.005050
0.171429 0.003747
0.177551 0.002689
0.183673 0.001872
0.189796 0.001271
0.195918 0.000855
0.202041 0.000591
0.208163 0.000447
0.214286 0.000397
0.220408 0.000412
0.226531 0.000469
0.232653 0.000544
0.238776 0.000617
0.244898 0.000672
0.251020 0.000700
0.257143 0.000697
0.263265 0.000666
0.269388 0.000615
0.275510 0.000553
0.281633 0.000492
0.287755 0.000440
0.293878 0.000403
0.300000 0.000381
