0.000000 1.000000
0.006122 0.980755
0.012245 0.925414
0.018367 0.840647
0.024490 0.736007
0.030612 0.622073
0.036735 0.508617
0.042857 0.403262
0.048980 0.310850
0.055102 0.233529
0.061224 0.171350
0.067347 0.123049
0.073469 0.086758
0.079592 0.060482
0.085714 0.042314
0.091837 0.030483
0.097959 0.023335
0.104082 0.019354
0.110204 0.017222
0.116327 0.015913
0.122449 0.014748
0.128571 0.013395
0.134694 0.011796
0.140816 0.010054
0.146939 0.008325
0.153061 0.006739
0.159184 0.005374
0.165306 0.004257
0.171429 0.003383
0.177551 0.002738
0.183673 0.002295
0.189796 0.002023
0.195918 0.001878
0.202041 0.001810
0.208163 0.001775
0.214286 0.001738
0.220408 0.001687
0.226531 0.001623
0.232653 0.001560
0.238776 0.001511
0.244898 0.001484
0.251020 0.001480
0.257143 0.001493
0.263265 0.001514
0.269388 0.001534
0.275510 0.001545
0.281633 0.001537
0.287755 0.001508
0.293878 0.001456
0.300000 0.001386
