0.000000 1.000000
0.006122 0.977614
0.012245 0.914416
0.018367 0.821159
0.024490 0.712403
0.030612 0.602729
0.036735 0.503382
0.042857 0.420380
0.048980 0.354459
0.055102 0.302547
0.061224 0.259995
0.067347 0.222625
0.073469 0.187961
0.079592 0.155417
0.085714 0.125692
0.091837 0.099852
0.097959 0.078572
0.104082 0.061818
0.110204 0.048955
0.116327 0.039092
0.122449 0.031425
0.128571 0.025416
0.134694 0.020766
0.140816 0.017288
0.146939 0.014780
0.153061 0.012984
0.159184 0.011623
0.165306 0.010477
0.171429 0.009430
0.177551 0.008465
0.183673 0.007605
0.189796 0.006856
0.195918 0.006186
0.202041 0.005537
0.208163 0.004865
0.214286 0.004174
0.220408 0.003513
0.226531 0.002948
0.232653 0.002524
0.238776 0.002243
0.244898 0.002059
0.251020 0.001914
0.257143 0.001761
0.263265 0.001586
0.269388 0.001402
0.275510 0.001238
0.281633 0.001108
0.287755 0.001014
0.293878 0.000940
0.300000 0.000871
