0.000000 1.000000
0.006122 0.980001
0.012245 0.922701
0.018367 0.835553
0.024490 0.729049
0.030612 0.614488
0.036735 0.501892
0.042857 0.398619
0.048980 0.308896
0.055102 0.234178
0.061224 0.173973
0.067347 0.126751
0.073469 0.090640
0.079592 0.063791
0.085714 0.044492
0.091837 0.031153
0.097959 0.022297
0.104082 0.016604
0.110204 0.012983
0.116327 0.010636
0.122449 0.009046
0.128571 0.007920
0.134694 0.007093
0.140816 0.006453
0.146939 0.005904
0.153061 0.005367
0.159184 0.004796
0.165306 0.004190
0.171429 0.003582
0.177551 0.003021
0.183673 0.002542
0.189796 0.002158
0.195918 0.001861
0.202041 0.001634
0.208163 0.001463
0.214286 0.001337
0.220408 0.001253
0.226531 0.001201
0.232653 0.001167
0.238776 0.001134
0.244898 0.001087
0.251020 0.001017
0.257143 0.000928
0.263265 0.000830
0.269388 0.000733
0.275510 0.000647
0.281633 0.000573
0.287755 0.000513
0.293878 0.000463
0.300000 0.000423
