0.000000 1.000000
0.006122 0.973161
0.012245 0.896944
0.018367 0.783211
0.024490 0.648598
0.030612 0.510787
0.036735 0.384897
0.042857 0.280939
0.048980 0.202872
0.055102 0.149258
0.061224 0.115063
0.067347 0.093879
0.073469 0.079851
0.079592 0.068853
0.085714 0.058781
0.091837 0.049147
0.097959 0.040338
0.104082 0.032903
0.110204 0.027113
0.116327 0.022850
0.122449 0.019737
0.128571 0.017366
0.134694 0.015458
0.140816 0.013914
0.146939 0.012745
0.153061 0.011964
0.159184 0.011506
0.165306 0.011207
0.171429 0.010860
0.177551 0.010290
0.183673 0.009418
0.189796 0.008286
0.195918 0.007023
0.202041 0.005790
0.208163 0.004720
0.214286 0.003883
0.220408 0.003281
0.226531 0.002864
0.232653 0.002568
0.238776 0.002336
0.244898 0.002135
0.251020 0.001949
0.257143 0.001776
0.263265 0.001617
0.269388 0.001470
0.275510 0.001332
0.281633 0.001203
0.287755 0.001087
0.293878 0.000990
0.300000 0.000923
