0.000000 1.000000
0.006122 0.997541
0.012245 0.990198
0.018367 0.978071
0.024490 0.961324
0.030612 0.940185
0.036735 0.914935
0.042857 0.885908
0.048980 0.853479
0.055102 0.818063
0.061224 0.780099
0.067347 0.740048
0.073469 0.698381
0.079592 0.655571
0.085714 0.612086
0.091837 0.568378
0.097959 0.524879
0.104082 0.481991
0.110204 0.440085
0.116327 0.399494
0.122449 0.360506
0.128571 0.323370
0.134694 0.288285
0.140816 0.255409
0.146939 0.224852
0.153061 0.196682
0.159184 0.170928
0.165306 0.147579
0.171429 0.126593
0.177551 0.107896
0.183673 0.091392
0.189796 0.076961
0.195918 0.064470
0.202041 0.053773
0.208163 0.044716
0.214286 0.037142
0.220408 0.030895
0.226531 0.025821
0.232653 0.021771
0.238776 0.018605
0.244898 0.016191
0.251020 0.014409
0.257143 0.013148
0.263265 0.012310
0.269388 0.011809
0.275510 0.011567
0.281633 0.011521
0.287755 0.011614
0.293878 0.011800
0.300000 0.012041
