0.000000 1.000000
0.006122 0.997512
0.012245 0.990084
0.018367 0.977818
0.024490 0.960881
0.030612 0.939504
0.036735 0.913975
0.042857 0.884634
0.048980 0.851865
0.055102 0.816089
0.061224 0.777757
0.067347 0.737339
0.073469 0.695316
0.079592 0.652172
0.085714 0.608385
0.091837 0.564416
0.097959 0.520706
0.104082 0.477668
0.110204 0.435679
0.116327 0.395075
0.122449 0.356151
0.128571 0.319155
0.134694 0.284288
0.140816 0.251703
0.146939 0.221507
0.153061 0.193759
0.159184 0.168478
0.165306 0.145642
0.171429 0.125195
0.177551 0.107050
0.183673 0.091091
0.189796 0.077185
0.195918 0.065180
0.202041 0.054914
0.208163 0.046218
0.214286 0.038922
0.220408 0.032855
0.226531 0.027856
0.232653 0.023767
0.238776 0.020444
0.244898 0.017755
0.251020 0.015581
0.257143 0.013818
0.263265 0.012376
0.269388 0.011179
0.275510 0.010167
0.281633 0.009289
0.287755 0.008508
0.293878 0.007797
0.300000 0.007137
