0.000000 1.000000
0.006122 0.997001
0.012245 0.988052
0.018367 0.973289
0.024490 0.952939
0.030612 0.927310
0.036735 0.896787
0.042857 0.861826
0.048980 0.822936
0.055102 0.780678
0.061224 0.735648
0.067347 0.688462
0.073469 0.639751
0.079592 0.590143
0.085714 0.540251
0.091837 0.490665
0.097959 0.441938
0.104082 0.394581
0.110204 0.349049
0.116327 0.305742
0.122449 0.264995
0.128571 0.227077
0.134694 0.192188
0.140816 0.160464
0.146939 0.131973
0.153061 0.106722
0.159184 0.084660
0.165306 0.065683
0.171429 0.049645
0.177551 0.036359
0.183673 0.025608
0.189796 0.017152
0.195918 0.010737
0.202041 0.006098
0.208163 0.002974
0.214286 0.001104
0.220408 0.000243
0.226531 0.000160
0.232653 0.000644
0.238776 0.001506
0.244898 0.002583
0.251020 0.003739
0.257143 0.004861
0.263265 0.005865
0.269388 0.006688
0.275510 0.007293
0.281633 0.007659
0.287755 0.007784
0.293878 0.007682
0.300000 0.007376
