0.000000 1.000000
0.006122 0.947555
0.012245 0.805054
0.018367 0.611331
0.024490 0.414747
0.030612 0.256246
0.036735 0.157005
0.042857 0.115193
0.048980 0.111951
0.055102 0.122653
0.061224 0.127822
0.067347 0.119152
0.073469 0.099174
0.079592 0.076258
0.085714 0.058445
0.091837 0.049337
0.097959 0.047448
0.104082 0.048392
0.110204 0.047961
0.116327 0.044249
0.122449 0.037943
0.128571 0.031148
0.134694 0.025788
0.140816 0.022593
0.146939 0.021050
0.153061 0.020071
0.159184 0.018763
0.165306 0.016856
0.171429 0.014623
0.177551 0.012521
0.183673 0.010850
0.189796 0.009630
0.195918 0.008689
0.202041 0.007841
0.208163 0.006999
0.214286 0.006180
0.220408 0.005439
0.226531 0.004803
0.232653 0.004259
0.238776 0.003781
0.244898 0.003351
0.251020 0.002973
0.257143 0.002651
0.263265 0.002378
0.269388 0.002130
0.275510 0.001892
0.281633 0.001665
0.287755 0.001467
0.293878 0.001316
0.300000 0.001213
