0.000000 1.000000
0.006122 0.960804
0.012245 0.853880
0.018367 0.706726
0.024490 0.552552
0.030612 0.418210
0.036735 0.316813
0.042857 0.247541
0.048980 0.201119
0.055102 0.166914
0.061224 0.137851
0.067347 0.111559
0.073469 0.088654
0.079592 0.070283
0.085714 0.056618
0.091837 0.046762
0.097959 0.039446
0.104082 0.033692
0.110204 0.029003
0.116327 0.025174
0.122449 0.022053
0.128571 0.019445
0.134694 0.017160
0.140816 0.015067
0.146939 0.013110
0.153061 0.011267
0.159184 0.009529
0.165306 0.007899
0.171429 0.006407
0.177551 0.005095
0.183673 0.003992
0.189796 0.003099
0.195918 0.002395
0.202041 0.001856
0.208163 0.001465
0.214286 0.001213
0.220408 0.001081
0.226531 0.001040
0.232653 0.001051
0.238776 0.001081
0.244898 0.001108
0.251020 0.001119
0.257143 0.001108
0.263265 0.001070
0.269388 0.001006
0.275510 0.000923
0.281633 0.000830
0.287755 0.000733
0.293878 0.000637
0.300000 0.000546
