# STEP		box_length		density		pressure
0 15.5547 0.544181 0.269643
10 15.5504 0.54464 0.223407
20 15.543 0.545413 0.254626
30 15.543 0.545413 0.263857
40 15.573 0.542268 0.16224
50 15.5731 0.542254 0.109024
60 15.5693 0.542654 0.13695
70 15.5693 0.542654 0.183721
80 15.5842 0.541101 0.135471
90 15.5685 0.542732 0.216325
100 15.5463 0.545067 0.29451
110 15.5412 0.545599 0.302496
120 15.5412 0.545599 0.31891
130 15.5412 0.545599 0.266208
140 15.5434 0.545368 0.353989
150 15.5434 0.545368 0.293353
160 15.5437 0.545343 0.320133
170 15.5183 0.548025 0.369167
180 15.5316 0.546614 0.189329
190 15.5316 0.546614 0.223387
200 15.543 0.545417 0.231728
210 15.5249 0.547323 0.207066
220 15.5249 0.547323 0.146483
230 15.5249 0.547323 0.255363
240 15.5249 0.547323 0.193597
250 15.5249 0.547323 0.201125
260 15.5249 0.547323 0.0938555
270 15.5249 0.547323 0.134672
280 15.5249 0.547323 0.138022
290 15.4981 0.550168 0.198062
300 15.4887 0.551164 0.25067
310 15.4887 0.551164 0.261893
320 15.4927 0.550746 0.19007
330 15.4473 0.555616 0.304441
340 15.4404 0.55636 0.157464
350 15.4492 0.555412 0.0670456
360 15.4176 0.558833 0.0966586
370 15.419 0.558682 0.104645
380 15.419 0.558682 0.106052
390 15.4506 0.555255 0.0300874
400 15.4122 0.559413 0.201302
410 15.4122 0.559413 0.149616
420 15.4122 0.559413 0.15237
430 15.4122 0.559413 0.0740554
440 15.4122 0.559413 0.0846347
450 15.3784 0.563118 0.203069
460 15.3784 0.563118 0.132813
470 15.3784 0.563118 0.122564
480 15.3152 0.570118 0.225571
490 15.3253 0.568983 0.133944
500 15.2914 0.57278 0.124381
510 15.2914 0.57278 0.150463
520 15.236 0.57905 0.240934
530 15.236 0.57905 0.107912
540 15.2082 0.58223 0.196728
550 15.2157 0.581371 0.0996531
560 15.2095 0.582086 0.181216
570 15.2095 0.582086 0.129914
580 15.1912 0.584192 0.10158
590 15.1912 0.584192 0.0321056
600 15.1723 0.58637 0.127231
610 15.1402 0.59011 0.114159
620 15.1339 0.590849 0.141153
630 15.1311 0.591181 0.160925
640 15.1311 0.591181 0.108301
650 15.0841 0.596724 0.302259
660 15.058 0.599833 0.284773
670 15.058 0.599833 0.113475
680 15.058 0.599833 0.141852
690 15.0606 0.599517 0.118565
700 14.9778 0.609522 0.160129
710 14.9652 0.611054 0.212765
720 14.9662 0.610939 0.170731
730 14.971 0.610343 0.0652969
740 14.9606 0.611623 -0.0210095
750 14.9325 0.615081 0.212956
760 14.9 0.61912 0.134292
770 14.9 0.61912 0.0684016
780 14.8368 0.627066 0.247691
790 14.837 0.627034 0.194098
800 14.8281 0.628164 0.306375
810 14.8281 0.628164 0.20714
820 14.8281 0.628164 0.209571
830 14.8281 0.628164 0.13991
840 14.8042 0.631213 0.210871
850 14.8042 0.631213 0.101115
860 14.8042 0.631213 0.00905544
870 14.8042 0.631213 0.0931195
880 14.8087 0.63064 0.0563673
890 14.8105 0.630405 0.0296819
900 14.7764 0.634777 0.0475572
910 14.7686 0.635783 0.0607888
920 14.7334 0.640351 0.137392
930 14.7282 0.641032 0.195616
940 14.7282 0.641032 0.150475
950 14.7282 0.641032 0.181964
960 14.7091 0.64353 0.147621
970 14.7014 0.644543 0.192489
980 14.7014 0.644543 0.127511
990 14.7014 0.644543 0.101797
1000 14.7014 0.644543 0.0725752
1010 14.6901 0.646036 0.153936
1020 14.6656 0.64928 0.187542
1030 14.6439 0.65217 0.238966
1040 14.6439 0.65217 0.128893
1050 14.6351 0.653344 0.106736
1060 14.6284 0.654241 0.0943929
1070 14.6356 0.653275 0.163353
1080 14.5925 0.659078 0.307686
1090 14.5849 0.66012 0.250637
1100 14.5849 0.66012 0.346927
1110 14.6448 0.652045 -0.0373595
1120 14.6203 0.655329 0.228622
1130 14.6203 0.655329 0.157932
1140 14.5785 0.660987 0.377046
1150 14.5721 0.661861 0.180635
1160 14.5824 0.660461 0.263883
1170 14.5843 0.660202 0.140899
1180 14.5685 0.662351 0.200642
1190 14.5488 0.665044 0.320374
1200 14.5488 0.665044 0.221548
1210 14.5488 0.665044 0.237376
1220 14.5381 0.666512 0.251828
1230 14.5186 0.6692 0.293161
1240 14.5186 0.6692 0.274722
1250 14.5186 0.6692 0.274626
1260 14.4807 0.674461 0.340882
1270 14.5198 0.669033 0.198843
1280 14.5248 0.668346 0.267332
1290 14.5248 0.668346 0.180231
1300 14.5256 0.668231 0.106525
1310 14.4944 0.672557 0.209465
1320 14.4944 0.672557 0.157716
1330 14.5027 0.671399 0.235769
1340 14.4823 0.674245 0.277762
1350 14.5399 0.66626 0.0572612
1360 14.5171 0.669404 0.142384
1370 14.4869 0.673604 0.187167
1380 14.4927 0.672788 0.157268
1390 14.4429 0.679783 0.300016
1400 14.4426 0.67982 0.273917
1410 14.4426 0.67982 0.276381
1420 14.4253 0.682266 0.197922
1430 14.4253 0.682266 0.262594
1440 14.4253 0.682266 0.23014
1450 14.4253 0.682266 0.25014
1460 14.475 0.67527 0.00621638
1470 14.4658 0.676548 0.17228
1480 14.4687 0.676141 0.124327
1490 14.4455 0.679413 0.197852
1500 14.4455 0.679413 0.0991248
1510 14.3943 0.686691 0.361645
1520 14.4155 0.683665 0.238641
1530 14.4155 0.683665 0.210862
1540 14.4105 0.684372 0.278852
1550 14.3944 0.686669 0.315192
1560 14.3944 0.686669 0.199271
1570 14.4211 0.682867 0.16641
1580 14.4001 0.685856 0.250367
1590 14.407 0.684877 0.107783
1600 14.4163 0.683541 0.0713796
1610 14.4163 0.683541 0.118457
1620 14.4257 0.682211 0.0875047
1630 14.4257 0.682211 0.137912
1640 14.4257 0.682211 0.0711198
1650 14.4215 0.682807 0.224379
1660 14.4132 0.683989 0.180143
1670 14.4134 0.683962 0.190861
1680 14.402 0.685587 0.19612
1690 14.3866 0.687783 0.261893
1700 14.3895 0.687377 0.256864
1710 14.408 0.684725 0.200232
1720 14.3692 0.690296 0.308466
1730 14.3903 0.687257 0.184246
1740 14.3869 0.687749 0.163144
1750 14.3707 0.690075 0.304456
1760 14.3873 0.687684 0.190245
1770 14.3873 0.687684 0.123506
1780 14.3731 0.689726 0.195644
1790 14.3391 0.694645 0.251549
1800 14.3916 0.687069 -0.00505653
1810 14.3614 0.691418 0.161152
1820 14.3763 0.689273 0.147123
1830 14.3763 0.689273 0.120385
1840 14.3548 0.692371 0.181018
1850 14.3465 0.693572 0.158551
1860 14.3536 0.692544 0.197999
1870 14.3758 0.689346 0.00971979
1880 14.3862 0.687844 0.0565408
1890 14.34 0.694514 0.171384
1900 14.34 0.694514 0.185289
1910 14.34 0.694514 0.142894
1920 14.3172 0.697842 0.388269
1930 14.3403 0.69447 0.212009
1940 14.3294 0.696061 0.0680404
1950 14.3236 0.69691 0.0594447
1960 14.3284 0.696198 -0.0345538
1970 14.2795 0.703385 0.283696
1980 14.3021 0.700057 0.129862
1990 14.3086 0.699097 0.16876
2000 14.3021 0.700052 0.119935
2010 14.3091 0.699029 0.0859233
2020 14.3057 0.699517 0.0812548
2030 14.3057 0.699517 0.111252
2040 14.3002 0.700331 0.238153
2050 14.3103 0.698846 0.219482
2060 14.28 0.703311 0.260656
2070 14.28 0.703311 0.250706
2080 14.2779 0.703613 0.200313
2090 14.2779 0.703613 0.167691
2100 14.2403 0.709201 0.310043
2110 14.2523 0.707422 0.243466
2120 14.247 0.708206 0.170001
2130 14.2502 0.707723 0.29116
2140 14.2389 0.709412 0.2039
2150 14.2379 0.709567 0.349815
2160 14.2681 0.705066 0.166641
2170 14.2681 0.705066 0.147962
2180 14.2681 0.705066 0.199824
2190 14.2681 0.705066 0.125779
2200 14.2648 0.705563 0.314058
2210 14.2648 0.705563 0.151744
2220 14.2511 0.707599 0.244892
2230 14.2412 0.709065 0.216828
2240 14.2233 0.711758 0.312345
2250 14.2208 0.712132 0.226558
2260 14.234 0.710147 0.24297
2270 14.2368 0.709725 0.135239
2280 14.2555 0.706939 0.0820926
2290 14.2483 0.708006 0.159267
2300 14.2069 0.714227 0.172508
2310 14.2069 0.714227 0.34109
2320 14.215 0.712998 0.335311
2330 14.1983 0.71552 0.229323
2340 14.1925 0.716394 0.285743
2350 14.2436 0.708706 0.0208676
2360 14.2071 0.714195 0.277728
2370 14.2051 0.714487 0.196458
2380 14.1981 0.715544 0.240536
2390 14.1981 0.715544 0.222975
2400 14.1971 0.7157 0.15228
2410 14.2017 0.715001 0.222998
2420 14.2062 0.714325 0.24712
2430 14.2049 0.714523 0.182563
2440 14.2007 0.715159 0.119365
2450 14.1722 0.719474 0.158101
2460 14.1874 0.717169 0.010093
2470 14.2005 0.715185 0.206387
2480 14.1868 0.717266 0.20945
2490 14.1704 0.719746 0.329688
2500 14.1305 0.725866 0.367778
2510 14.1466 0.723394 0.321534
2520 14.1627 0.720929 0.206895
2530 14.1513 0.72267 0.190036
2540 14.1678 0.72015 0.182654
2550 14.1675 0.720198 0.213439
2560 14.1343 0.725285 0.314449
2570 14.1548 0.722134 0.0706428
2580 14.1617 0.721083 0.11334
2590 14.1067 0.72955 0.346774
2600 14.1283 0.726205 0.137958
2610 14.1391 0.724548 0.116296
2620 14.1209 0.727348 0.226391
2630 14.1155 0.728182 0.27632
2640 14.1341 0.725318 0.227625
2650 14.131 0.725785 0.238315
2660 14.1228 0.727051 0.123232
2670 14.1007 0.730474 0.256943
2680 14.1037 0.730019 0.257499
2690 14.1261 0.726542 0.115356
2700 14.136 0.725026 0.124325
2710 14.1072 0.729468 0.192527
2720 14.0757 0.734377 0.223534
2730 14.0555 0.737554 0.244865
2740 14.0604 0.736772 0.269118
2750 14.0583 0.737107 0.19268
2760 14.0906 0.732048 0.133911
2770 14.0691 0.735407 0.243686
2780 14.1067 0.72955 0.183899
2790 14.1243 0.726822 0.222811
2800 14.0968 0.731091 0.348342
2810 14.1036 0.730034 0.306977
2820 14.1161 0.728085 0.124793
2830 14.1161 0.728085 0.119401
2840 14.1003 0.730539 0.237192
2850 14.0819 0.73341 0.277335
2860 14.0739 0.734666 0.326483
2870 14.0681 0.735567 0.136874
2880 14.0605 0.736766 0.293195
2890 14.0518 0.738126 0.313542
2900 14.0518 0.738126 0.192705
2910 14.0602 0.736813 0.14719
2920 14.0602 0.736813 0.178086
2930 14.0926 0.731737 0.0585353
2940 14.0507 0.738309 0.201835
2950 14.0723 0.734905 0.118225
2960 14.0363 0.740575 0.347465
2970 14.095 0.731362 0.0932023
2980 14.0449 0.739223 0.214246
2990 14.0449 0.739223 0.179998
3000 14.0426 0.739576 0.21683
3010 14.0784 0.733963 0.149452
3020 14.0563 0.737422 0.243082
3030 14.0353 0.740742 0.139966
3040 14.041 0.739839 0.19339
3050 14.0328 0.741129 0.340033
3060 14.054 0.73779 0.0963953
3070 14.0323 0.741217 0.137353
3080 14.0104 0.74469 0.247801
3090 14.0145 0.744048 0.252304
3100 13.9794 0.74966 0.394265
3110 14.0048 0.745595 0.327184
3120 14.03 0.741572 0.200909
3130 14.0472 0.738854 0.186022
3140 14.0323 0.741214 0.244064
3150 14.0427 0.739565 0.139198
3160 14.01 0.744766 0.261008
3170 14.0107 0.744648 0.168197
3180 14.0265 0.742141 0.255287
3190 14.0472 0.738856 0.113219
3200 14.0357 0.740667 0.0766812
3210 14.0023 0.745985 0.284716
3220 13.9933 0.747436 0.212364
3230 13.99 0.747961 0.192739
3240 14.0032 0.745845 0.150357
3250 13.9908 0.747825 0.252175
3260 13.9908 0.747825 0.10775
3270 13.9657 0.751873 0.390041
3280 13.9874 0.748376 0.25822
3290 13.9841 0.748912 0.188334
3300 13.9786 0.749793 0.123434
3310 13.9695 0.751252 0.268828
3320 13.9984 0.746613 0.0946944
3330 13.9892 0.74809 0.071434
3340 13.9431 0.755524 0.253975
3350 13.9441 0.755375 0.179112
3360 13.9636 0.752207 0.13486
3370 13.9525 0.754011 0.230465
3380 13.935 0.756844 0.222473
3390 13.9523 0.754037 0.107343
3400 13.9454 0.755163 0.267519
3410 13.9662 0.75178 0.206857
3420 13.9574 0.753213 0.219409
3430 13.9706 0.75107 0.14799
3440 13.962 0.752471 0.269688
3450 13.9749 0.750381 0.188134
3460 13.9637 0.752197 0.194017
3470 13.9511 0.754226 0.180442
3480 13.926 0.758318 0.254031
3490 13.8938 0.763594 0.352458
3500 13.9097 0.760978 0.272329
3510 13.8839 0.765239 0.333118
3520 13.9363 0.756636 0.0634598
3530 13.9314 0.757441 0.249294
3540 13.9408 0.755904 0.0487816
3550 13.9032 0.762053 0.232468
3560 13.9055 0.761683 0.231965
3570 13.9169 0.759808 0.170995
3580 13.9058 0.761633 0.193765
3590 13.9095 0.761021 0.218265
3600 13.9138 0.76031 0.0649526
3610 13.8862 0.764859 0.229666
3620 13.8518 0.770563 0.339554
3630 13.8571 0.769683 0.186931
3640 13.8679 0.76788 0.0522743
3650 13.8571 0.769691 0.130116
3660 13.8311 0.774039 0.390177
3670 13.8877 0.764614 -0.0388755
3680 13.8795 0.76596 0.256288
3690 13.8431 0.772017 0.276181
3700 13.886 0.764897 0.109996
3710 13.8732 0.767008 0.202728
3720 13.8821 0.765535 0.0614522
3730 13.8679 0.767894 0.233952
3740 13.8793 0.766002 0.0551941
3750 13.8527 0.770425 0.377011
3760 13.8662 0.768163 0.158136
3770 13.8683 0.767825 0.0904107
3780 13.8232 0.775367 0.341339
3790 13.8324 0.773817 0.24956
3800 13.8259 0.774915 0.190935
3810 13.8449 0.771716 0.162221
3820 13.854 0.770207 0.108427
3830 13.8251 0.775043 0.176523
3840 13.8205 0.77581 0.203259
3850 13.8576 0.769609 0.152589
3860 13.8365 0.773127 0.228791
3870 13.8338 0.773583 0.329863
3880 13.8244 0.775153 0.137475
3890 13.7965 0.779865 0.379644
3900 13.8191 0.776056 0.212491
3910 13.8071 0.778085 0.263927
3920 13.8412 0.772348 0.116299
3930 13.8458 0.771564 0.0198811
3940 13.8177 0.776288 0.130335
3950 13.8288 0.774427 0.181355
3960 13.8068 0.778136 0.307209
3970 13.8314 0.773975 0.0633018
3980 13.7962 0.779915 0.319549
3990 13.8261 0.774881 0.164361
4000 13.81 0.777591 0.214753
4010 13.7944 0.780225 0.151061
4020 13.7634 0.78551 0.314813
4030 13.7973 0.779743 0.157262
4040 13.7973 0.779743 0.336412
4050 13.7952 0.780088 0.257152
4060 13.7851 0.781803 0.226252
4070 13.7768 0.783225 0.254923
4080 13.7891 0.781122 0.219971
4090 13.7859 0.781672 0.19214
4100 13.7875 0.781402 0.180575
4110 13.7845 0.781902 0.164902
4120 13.8022 0.778901 0.160244
4130 13.7778 0.783048 0.240872
4140 13.8033 0.778727 0.115704
4150 13.797 0.779791 0.225421
4160 13.7918 0.780667 0.255107
4170 13.7966 0.779856 0.142072
4180 13.7564 0.786704 0.266587
4190 13.746 0.788503 0.261697
4200 13.7625 0.785658 0.364969
4210 13.7738 0.783739 0.172562
4220 13.7908 0.780841 0.156207
4230 13.8118 0.77729 -0.0146678
4240 13.7629 0.785599 0.272054
4250 13.7877 0.781371 0.118571
4260 13.7789 0.782871 0.146283
4270 13.8047 0.778486 0.0949105
4280 13.7628 0.785619 0.23531
4290 13.7865 0.781575 0.0895701
4300 13.7546 0.787024 0.384637
4310 13.7549 0.786965 0.225634
4320 13.7767 0.783237 0.266911
4330 13.7379 0.789894 0.374942
4340 13.7498 0.78784 0.188613
4350 13.7557 0.786833 0.205412
4360 13.7512 0.787612 0.203737
4370 13.757 0.786613 0.172038
4380 13.7196 0.793056 0.291354
4390 13.7618 0.785789 -0.000203133
4400 13.7351 0.790373 0.19962
4410 13.7342 0.790525 0.215839
4420 13.76 0.786092 0.0857996
4430 13.7423 0.789133 0.121507
4440 13.7304 0.791188 0.290542
4450 13.7451 0.788659 0.119781
4460 13.7501 0.787798 0.152834
4470 13.7363 0.790165 0.200582
4480 13.7505 0.787718 0.120884
4490 13.7186 0.793235 0.249946
4500 13.689 0.798393 0.454672
4510 13.7079 0.795084 0.251314
4520 13.6919 0.797884 0.400991
4530 13.7123 0.794332 0.212071
4540 13.7055 0.795513 0.333455
4550 13.7061 0.795406 0.167557
4560 13.7123 0.794331 0.141069
4570 13.7081 0.795061 0.206627
4580 13.7193 0.79311 0.231238
4590 13.7303 0.791213 0.105296
4600 13.718 0.793344 0.128682
4610 13.6947 0.797385 0.245256
4620 13.7057 0.795479 0.0919888
4630 13.686 0.798923 0.259476
4640 13.683 0.799443 0.150804
4650 13.681 0.79979 0.206866
4660 13.6764 0.800593 0.142565
4670 13.6794 0.800064 0.0512133
4680 13.6844 0.799201 0.230837
4690 13.6774 0.800428 0.201668
4700 13.6529 0.80474 0.346231
4710 13.6592 0.80363 0.292216
4720 13.6438 0.806352 0.312449
4730 13.6757 0.800717 0.343533
4740 13.6919 0.797885 0.154521
4750 13.697 0.796995 0.12091
4760 13.6737 0.801068 0.233165
4770 13.6542 0.804508 0.366962
4780 13.662 0.803132 0.239057
4790 13.6774 0.80042 0.24094
4800 13.6856 0.79899 0.243934
4810 13.6944 0.79744 0.188902
4820 13.6875 0.798648 0.236571
4830 13.6972 0.796952 0.119078
4840 13.6777 0.800373 0.164648
4850 13.6776 0.800386 0.254949
4860 13.6798 0.800003 0.0904872
4870 13.6813 0.799746 0.153631
4880 13.6704 0.801646 0.122438
4890 13.6958 0.797205 -0.0158525
4900 13.6714 0.801477 0.245962
4910 13.6872 0.798697 0.253213
4920 13.6912 0.798005 0.0929538
4930 13.6353 0.807852 0.40292
4940 13.6464 0.805892 0.202439
4950 13.6533 0.804673 0.0620877
4960 13.6282 0.809128 0.232153
4970 13.668 0.80208 0.12269
4980 13.6703 0.801673 0.126152
4990 13.6593 0.803616 0.223406
5000 13.6517 0.804959 0.377427
5010 13.6549 0.804382 0.190079
5020 13.6523 0.804838 0.125486
5030 13.6231 0.810023 0.293793
5040 13.6381 0.807355 0.247732
5050 13.658 0.803835 0.0323572
5060 13.6691 0.801887 0.0503924
5070 13.6309 0.808646 0.453951
5080 13.6488 0.805471 0.275413
5090 13.6355 0.807832 0.214573
5100 13.6529 0.804743 0.210942
5110 13.6399 0.807045 0.26718
5120 13.6565 0.804102 0.0294186
5130 13.6568 0.804045 0.104285
5140 13.649 0.805423 0.0531602
5150 13.6294 0.80891 0.267897
5160 13.6465 0.805878 0.244384
5170 13.6534 0.804646 0.189613
5180 13.6313 0.808572 0.25178
5190 13.6345 0.808 0.290191
5200 13.6535 0.80464 0.271745
5210 13.6405 0.806934 0.249811
5220 13.662 0.803136 0.129074
5230 13.6509 0.805093 0.108093
5240 13.6479 0.805621 0.228456
5250 13.6354 0.807847 0.167082
5260 13.6745 0.800923 0.0635368
5270 13.6447 0.806197 0.31087
5280 13.6359 0.807757 0.423205
5290 13.6556 0.804255 0.216622
5300 13.6477 0.805662 0.194314
5310 13.6434 0.806426 0.259318
5320 13.6435 0.806397 0.167973
5330 13.6387 0.807259 0.246832
5340 13.6503 0.805198 0.212207
5350 13.6392 0.807159 0.199329
5360 13.6577 0.803884 0.142877
5370 13.6738 0.801054 -0.0335502
5380 13.6754 0.800778 0.0284631
5390 13.653 0.804725 0.0689418
5400 13.6773 0.800446 0.0044328
5410 13.6409 0.806869 0.161247
5420 13.6392 0.807165 0.260803
5430 13.6237 0.80993 0.326294
5440 13.6685 0.801984 0.0877911
5450 13.6612 0.80327 0.097169
5460 13.6565 0.804111 0.135615
5470 13.6546 0.804431 0.109118
5480 13.6453 0.806082 0.162366
5490 13.6446 0.806207 0.252872
5500 13.6479 0.805623 0.0940962
5510 13.6638 0.802813 0.0737087
5520 13.6769 0.800515 0.0465669
5530 13.6432 0.806462 0.141989
5540 13.6243 0.809816 0.192608
5550 13.6229 0.810066 0.1345
5560 13.6226 0.810126 0.187518
5570 13.6369 0.807576 0.15416
5580 13.6231 0.810041 0.166873
5590 13.5891 0.816121 0.427181
5600 13.622 0.810236 0.143199
5610 13.6001 0.814157 0.268764
5620 13.6266 0.809413 0.149048
5630 13.6276 0.809233 0.0897052
5640 13.5866 0.816582 0.364706
5650 13.5874 0.816435 0.270304
5660 13.6072 0.812879 0.0904304
5670 13.5864 0.81662 0.222429
5680 13.6138 0.811691 0.173771
5690 13.6075 0.81283 0.188419
5700 13.6357 0.80779 0.000445962
5710 13.6182 0.810902 0.0847616
5720 13.5669 0.820149 0.279346
5730 13.5837 0.817104 0.142306
5740 13.5905 0.81587 0.0592604
5750 13.5695 0.819676 0.191167
5760 13.5546 0.822383 0.262853
5770 13.576 0.81849 0.177782
5780 13.5681 0.819915 0.162361
5790 13.577 0.818311 0.169448
5800 13.5838 0.817079 0.117045
5810 13.5705 0.819489 0.244213
5820 13.5807 0.817648 0.263931
5830 13.5846 0.816937 0.0443015
5840 13.5815 0.817502 0.182249
5850 13.5723 0.819168 0.165154
5860 13.5508 0.823063 0.27079
5870 13.563 0.820856 0.274226
5880 13.5864 0.81661 0.176806
5890 13.5685 0.819841 0.213791
5900 13.5657 0.820351 0.261153
5910 13.589 0.816143 0.112157
5920 13.589 0.81614 0.087314
5930 13.5515 0.822946 0.335454
5940 13.5833 0.817171 0.271015
5950 13.5929 0.815443 0.21994
5960 13.6021 0.813796 0.138545
5970 13.5582 0.821718 0.291486
5980 13.5951 0.815053 0.077923
5990 13.6243 0.80982 0.00247514
6000 13.5641 0.82065 0.266922
6010 13.5767 0.818369 0.204251
6020 13.6007 0.814042 0.126189
6030 13.5832 0.817193 0.195416
6040 13.5736 0.818934 0.19693
6050 13.5738 0.818897 0.22419
6060 13.5588 0.821614 0.16816
6070 13.5666 0.820197 0.234434
6080 13.5664 0.82023 0.108959
6090 13.56 0.821398 0.252097
6100 13.5497 0.823275 0.294953
6110 13.5421 0.824649 0.28921
6120 13.5459 0.823956 0.283474
6130 13.5522 0.822815 0.271673
6140 13.5591 0.821557 0.202054
6150 13.5782 0.818102 0.128208
6160 13.5581 0.821745 0.241992
6170 13.5611 0.821199 0.120245
6180 13.5434 0.82441 0.132084
6190 13.5401 0.825025 0.179391
6200 13.5072 0.831067 0.260449
6210 13.5064 0.831214 0.293471
6220 13.5426 0.824564 0.138989
6230 13.5271 0.827407 0.291614
6240 13.5185 0.828972 0.274763
6250 13.5502 0.823183 0.100498
6260 13.5265 0.827518 0.20293
6270 13.5102 0.830503 0.271016
6280 13.4831 0.835534 0.409516
6290 13.4963 0.833071 0.171014
6300 13.5073 0.831053 0.0784144
6310 13.4843 0.835301 0.272016
6320 13.4996 0.83246 0.317148
6330 13.4867 0.834866 0.154801
6340 13.4962 0.833088 0.078991
6350 13.4872 0.834767 0.223457
6360 13.4995 0.832492 0.0533574
6370 13.4913 0.834013 0.250748
6380 13.4829 0.835566 0.261219
6390 13.5042 0.831623 0.155191
6400 13.5097 0.830608 0.312228
6410 13.5025 0.831927 0.286477
6420 13.5224 0.828262 0.247411
6430 13.5271 0.827395 0.0923657
6440 13.5235 0.828053 0.149077
6450 13.5224 0.828268 0.200287
6460 13.5098 0.830591 0.292509
6470 13.5097 0.830596 0.158049
6480 13.4883 0.834556 0.321184
6490 13.4948 0.83336 0.169984
6500 13.5218 0.828382 0.075568
6510 13.5158 0.829485 0.163657
6520 13.5184 0.829006 0.221012
6530 13.5563 0.822058 -0.084123
6540 13.5216 0.828411 0.323395
6550 13.4784 0.836409 0.377904
6560 13.4909 0.834083 0.286761
6570 13.4917 0.833936 0.356683
6580 13.5111 0.830347 0.0636917
6590 13.5068 0.831133 0.205823
6600 13.515 0.829624 0.110391
6610 13.503 0.831841 0.237272
6620 13.5223 0.828283 0.210438
6630 13.5146 0.829691 0.149428
6640 13.4963 0.833083 0.143212
6650 13.4869 0.834823 0.251829
6660 13.5301 0.826851 0.0299797
6670 13.516 0.829437 0.123476
6680 13.5142 0.82978 0.155067
6690 13.4874 0.834736 0.32214
6700 13.4856 0.835062 0.284514
6710 13.5097 0.830606 0.0773408
6720 13.5039 0.831679 0.259413
6730 13.515 0.829619 0.169571
6740 13.5013 0.832148 0.124332
6750 13.4831 0.83552 0.387716
6760 13.5002 0.832362 0.184309
6770 13.5014 0.832144 0.268478
6780 13.5286 0.827125 0.018118
6790 13.5391 0.825204 0.03538
6800 13.4956 0.833206 0.303707
6810 13.5107 0.830414 0.273049
6820 13.513 0.829985 0.0503344
6830 13.4749 0.83705 0.238272
6840 13.4724 0.837518 0.255265
6850 13.4893 0.834368 0.221994
6860 13.5078 0.830961 0.0728014
6870 13.4743 0.837169 0.312104
6880 13.4926 0.833761 0.173279
6890 13.4742 0.83719 0.16856
6900 13.4567 0.840461 0.285633
6910 13.4683 0.838285 0.228409
6920 13.4759 0.836862 0.162379
6930 13.4887 0.834485 0.242239
6940 13.4907 0.834124 0.103983
6950 13.4789 0.836313 0.217217
6960 13.4732 0.837363 0.257978
6970 13.4788 0.836325 0.147394
6980 13.452 0.841342 0.205605
6990 13.4546 0.840849 0.116693
7000 13.4462 0.842418 0.247131
7010 13.4165 0.848028 0.345083
7020 13.4484 0.842014 0.179931
7030 13.4553 0.840714 0.191687
7040 13.4377 0.844024 0.308969
7050 13.4107 0.849131 0.468687
7060 13.4302 0.845441 0.280436
7070 13.4628 0.839313 0.235768
7080 13.4709 0.837793 0.0949884
7090 13.4646 0.838979 0.123989
7100 13.4455 0.842553 0.285659
7110 13.4476 0.842162 0.202638
7120 13.448 0.842079 0.320955
7130 13.4815 0.835823 0.215313
7140 13.4578 0.840248 0.248004
7150 13.4553 0.840722 0.230482
7160 13.4452 0.842607 0.240471
7170 13.4339 0.844737 0.279901
7180 13.4401 0.843581 0.259815
7190 13.4406 0.843482 0.219559
7200 13.471 0.83778 0.0124423
7210 13.4358 0.84439 0.33556
7220 13.4824 0.835654 0.117699
7230 13.4459 0.842488 0.276182
7240 13.4326 0.844986 0.403866
7250 13.4758 0.836888 -0.0663388
7260 13.4784 0.836406 0.101208
7270 13.4408 0.843433 0.338242
7280 13.4188 0.847597 0.364353
7290 13.4512 0.841491 0.166541
7300 13.4411 0.843383 0.413803
7310 13.4514 0.841444 0.0756201
7320 13.4528 0.841183 0.139825
7330 13.4638 0.839133 0.173715
7340 13.4479 0.842101 0.402437
7350 13.4639 0.839104 0.147984
7360 13.4697 0.838015 0.123316
7370 13.4455 0.842555 0.375217
7380 13.4242 0.846581 0.395878
7390 13.4777 0.836529 0.0642648
7400 13.4684 0.838271 0.0989583
7410 13.4647 0.838956 0.157439
7420 13.481 0.835912 0.0631428
7430 13.5095 0.830642 0.0349446
7440 13.4492 0.841867 0.38968
7450 13.453 0.841144 0.304273
7460 13.445 0.842659 0.340976
7470 13.458 0.840208 0.379065
7480 13.4897 0.834297 0.0837203
7490 13.4642 0.839046 0.135279
7500 13.4554 0.840702 0.165316
7510 13.4501 0.841694 0.191214
7520 13.4478 0.842132 0.29056
7530 13.4598 0.839883 -0.00179821
7540 13.4607 0.839704 0.0944892
7550 13.4604 0.839758 -0.00568533
7560 13.4284 0.845782 0.337741
7570 13.4495 0.841812 0.250469
7580 13.4379 0.843991 0.268667
7590 13.4721 0.837571 0.0873367
7600 13.4384 0.843892 0.260482
7610 13.4287 0.845722 0.388748
7620 13.4503 0.841664 0.124466
7630 13.4599 0.839857 0.130467
7640 13.4662 0.838681 0.160613
7650 13.4762 0.836815 0.0543112
7660 13.4656 0.838794 0.0630533
7670 13.4239 0.846636 0.239068
7680 13.4257 0.846291 0.246981
7690 13.4234 0.846724 0.251062
7700 13.4395 0.843688 0.171045
7710 13.46 0.839832 0.0854003
7720 13.4735 0.837324 0.141659
7730 13.4333 0.844847 0.361073
7740 13.4646 0.838967 0.122378
7750 13.451 0.841527 0.289624
7760 13.4799 0.836129 0.144452
7770 13.4372 0.844114 0.290096
7780 13.449 0.841904 0.211989
7790 13.4592 0.839981 0.17941
7800 13.428 0.845862 0.346352
7810 13.4832 0.835515 -0.0358031
7820 13.4554 0.840704 0.141131
7830 13.4489 0.841911 0.239006
7840 13.4555 0.840682 0.215304
7850 13.4475 0.842174 0.27618
7860 13.4567 0.840458 0.168229
7870 13.4176 0.84782 0.299883
7880 13.4644 0.839009 0.0495071
7890 13.4513 0.841458 -0.00695992
7900 13.4395 0.843689 0.235502
7910 13.4239 0.846638 0.492331
7920 13.4504 0.841643 0.157525
7930 13.4742 0.837175 0.0869489
7940 13.4572 0.84036 0.189228
7950 13.4245 0.846511 0.319506
7960 13.4345 0.844633 0.29742
7970 13.4508 0.841554 0.0943443
7980 13.4559 0.840598 0.1781
7990 13.4167 0.847988 0.318849
8000 13.4642 0.839052 0.125045
8010 13.441 0.843406 0.139562
8020 13.426 0.846235 0.412677
8030 13.4408 0.843441 0.171202
8040 13.4483 0.842033 0.100694
8050 13.4358 0.844375 0.262282
8060 13.4623 0.8394 0.0188864
8070 13.4419 0.843235 0.26425
8080 13.443 0.843028 0.09728
8090 13.4194 0.847476 0.255995
8100 13.421 0.847181 0.259112
8110 13.4133 0.84864 0.299479
8120 13.4116 0.848971 0.276503
8130 13.4488 0.841935 0.0500411
8140 13.4217 0.847055 0.141454
8150 13.4204 0.847284 0.11265
8160 13.438 0.843968 0.0205684
8170 13.4285 0.84576 0.22337
8180 13.4568 0.840442 0.108757
8190 13.4236 0.846693 0.347713
8200 13.4285 0.845752 0.31809
8210 13.4251 0.846405 0.248173
8220 13.4215 0.84708 0.329116
8230 13.4439 0.842849 0.174762
8240 13.4826 0.83562 -0.010638
8250 13.4528 0.841185 0.0965844
8260 13.4466 0.842348 0.307772
8270 13.4611 0.839627 0.146637
8280 13.4285 0.845752 0.232698
8290 13.4414 0.843329 0.188442
8300 13.4229 0.846823 0.254401
8310 13.4189 0.847572 0.369796
8320 13.4363 0.844296 0.286669
8330 13.4615 0.83955 0.115275
8340 13.4527 0.841206 0.102546
8350 13.4495 0.841797 0.174799
8360 13.4522 0.841307 0.148996
8370 13.448 0.842084 0.12923
8380 13.4499 0.841732 0.280219
8390 13.4274 0.845969 0.380116
8400 13.442 0.843218 0.163677
8410 13.4284 0.845786 0.220999
8420 13.4193 0.847501 0.376822
8430 13.4592 0.839987 0.00190252
8440 13.4396 0.843662 0.234012
8450 13.4273 0.845983 0.354817
8460 13.4534 0.841064 0.219395
8470 13.4528 0.841193 0.266251
8480 13.4554 0.840696 0.272309
8490 13.4691 0.838135 0.158967
8500 13.4553 0.84071 0.21292
8510 13.4314 0.845216 0.258293
8520 13.458 0.840203 0.0717264
8530 13.4703 0.837918 0.152348
8540 13.465 0.838899 0.0498046
8550 13.4371 0.844133 0.363494
8560 13.4657 0.838776 0.119517
8570 13.4254 0.84634 0.20987
8580 13.4509 0.841548 0.0347613
8590 13.4593 0.839967 0.061227
8600 13.4357 0.8444 0.217092
8610 13.4634 0.8392 0.125259
8620 13.4398 0.843622 0.175151
8630 13.4409 0.843428 0.212785
8640 13.4311 0.845276 0.30727
8650 13.4533 0.841097 0.15302
8660 13.4441 0.842827 0.29999
8670 13.4348 0.844579 0.30037
8680 13.4819 0.835755 -0.0152625
8690 13.4583 0.840146 0.186614
8700 13.4556 0.840665 0.184857
8710 13.437 0.844158 0.294323
8720 13.455 0.84077 0.111998
8730 13.4559 0.840606 0.0783988
8740 13.4132 0.848649 0.492803
8750 13.4443 0.842784 0.222213
8760 13.4563 0.840538 0.263857
8770 13.4718 0.837638 0.0316026
8780 13.4642 0.839042 0.122368
8790 13.4692 0.838123 0.193752
8800 13.4471 0.842254 0.240245
8810 13.4367 0.844218 0.17972
8820 13.4223 0.846932 0.320737
8830 13.4601 0.839824 0.0990745
8840 13.4413 0.843344 0.159762
8850 13.455 0.840764 0.0162599
8860 13.4163 0.848079 0.13118
8870 13.4304 0.845398 0.203804
8880 13.429 0.845657 0.295949
8890 13.4607 0.839706 0.0938247
8900 13.4581 0.840185 0.220585
8910 13.4405 0.843494 0.214502
8920 13.4623 0.839403 0.138031
8930 13.4569 0.840411 0.19778
8940 13.4269 0.846071 0.180994
8950 13.4317 0.845155 0.236363
8960 13.4295 0.845576 0.380435
8970 13.4536 0.841035 0.237804
8980 13.4541 0.84095 0.0494404
8990 13.4333 0.844853 0.265468
9000 13.428 0.845859 0.144713
9010 13.4182 0.847708 0.331159
9020 13.4249 0.846442 0.159524
9030 13.4465 0.842364 0.1518
9040 13.4367 0.84421 0.319982
9050 13.4326 0.844981 0.22935
9060 13.4302 0.845449 0.294665
9070 13.4577 0.840269 0.190462
9080 13.4475 0.842182 0.292222
9090 13.4745 0.837122 0.0900601
9100 13.4825 0.835638 -0.0194076
9110 13.4517 0.8414 0.198077
9120 13.4221 0.846978 0.390632
9130 13.4583 0.840153 0.164708
9140 13.4153 0.84825 0.319586
9150 13.4271 0.846026 0.224275
9160 13.4229 0.846827 0.332193
9170 13.4433 0.842969 0.244819
9180 13.4484 0.84201 0.156914
9190 13.4198 0.84741 0.296612
9200 13.4369 0.844179 0.249916
9210 13.4467 0.842334 0.175157
9220 13.4431 0.843014 0.103736
9230 13.4181 0.847721 0.333074
9240 13.4501 0.841684 0.190982
9250 13.4524 0.841255 0.0939561
9260 13.4368 0.844192 0.307517
9270 13.4346 0.84461 0.350324
9280 13.4581 0.840183 0.0615232
9290 13.4375 0.844066 0.256147
9300 13.4194 0.847484 0.284272
9310 13.4183 0.8477 0.316735
9320 13.4362 0.844305 0.187171
9330 13.4539 0.840988 0.0113013
9340 13.4361 0.844335 0.140914
9350 13.4457 0.842527 -0.0351233
9360 13.4433 0.842969 0.0583346
9370 13.4126 0.848764 0.256289
9380 13.4013 0.850923 0.262774
9390 13.4179 0.847765 0.208126
9400 13.4191 0.84754 0.172067
9410 13.4071 0.849808 0.223515
9420 13.4298 0.845518 0.0582885
9430 13.4042 0.850371 0.175751
9440 13.3919 0.852718 0.148445
9450 13.4031 0.850587 0.271612
9460 13.4352 0.844498 0.0270517
9470 13.4436 0.842917 0.0981997
9480 13.4487 0.84195 0.187246
9490 13.4188 0.847589 0.238655
9500 13.4546 0.840843 -0.112912
9510 13.4198 0.847416 0.227089
9520 13.4283 0.845792 0.115022
9530 13.4148 0.848356 0.314113
9540 13.4149 0.848335 0.19392
9550 13.4189 0.847574 0.253543
9560 13.3949 0.852148 0.331852
9570 13.4141 0.848489 0.308632
9580 13.4354 0.844459 0.193975
9590 13.454 0.840964 0.112607
9600 13.4497 0.84176 0.169583
9610 13.4443 0.842782 0.259657
9620 13.4712 0.837744 0.0987923
9630 13.4501 0.8417 0.162159
9640 13.4502 0.84168 0.157395
9650 13.4378 0.844001 0.131935
9660 13.4285 0.845763 0.194585
9670 13.4642 0.839059 0.0943046
9680 13.4688 0.8382 0.129104
9690 13.4407 0.843459 0.251606
9700 13.4445 0.84274 0.145216
9710 13.4324 0.845019 0.126873
9720 13.4104 0.849185 0.269874
9730 13.4126 0.848776 0.29485
9740 13.4443 0.842775 0.140487
9750 13.4135 0.848602 0.377097
9760 13.4262 0.846196 0.199579
9770 13.419 0.847551 0.286403
9780 13.4219 0.847003 0.239788
9790 13.4359 0.844357 0.184746
9800 13.4539 0.840982 0.144655
9810 13.454 0.840953 0.171223
9820 13.4601 0.839823 0.029207
9830 13.4372 0.844117 0.219727
9840 13.4512 0.841492 0.200018
9850 13.4452 0.84261 0.126038
9860 13.428 0.845862 0.150769
9870 13.4277 0.845906 0.197644
9880 13.4091 0.849434 0.240082
9890 13.4128 0.84874 0.346731
9900 13.4154 0.848249 0.354094
9910 13.4347 0.844594 0.0329895
9920 13.4544 0.840889 0.16881
9930 13.4389 0.843802 0.125977
9940 13.4305 0.84539 0.0991264
9950 13.426 0.846228 0.273616
9960 13.4355 0.844434 0.050647
9970 13.4587 0.840078 0.149028
9980 13.4448 0.842692 0.156697
9990 13.453 0.841156 0.0417467
