0.000000 1.000000
0.006122 0.991724
0.012245 0.967336
0.018367 0.928124
0.024490 0.876111
0.030612 0.813883
0.036735 0.744382
0.042857 0.670674
0.048980 0.595729
0.055102 0.522221
0.061224 0.452380
0.067347 0.387895
0.073469 0.329875
0.079592 0.278871
0.085714 0.234940
0.091837 0.197742
0.097959 0.166656
0.104082 0.140894
0.110204 0.119614
0.116327 0.101999
0.122449 0.087321
0.128571 0.074976
0.134694 0.064489
0.140816 0.055508
0.146939 0.047782
0.153061 0.041134
0.159184 0.035436
0.165306 0.030581
0.171429 0.026475
0.177551 0.023022
0.183673 0.020126
0.189796 0.017691
0.195918 0.015625
0.202041 0.013849
0.208163 0.012295
0.214286 0.010912
0.220408 0.009665
0.226531 0.008530
0.232653 0.007494
0.238776 0.006551
0.244898 0.005696
0.251020 0.004926
0.257143 0.004239
0.263265 0.003630
0.269388 0.003094
0.275510 0.002627
0.281633 0.002224
0.287755 0.001881
0.293878 0.001594
0.300000 0.001361
