0.000000 1.000000
0.006122 0.942885
0.012245 0.788812
0.018367 0.581793
0.024490 0.373661
0.030612 0.204433
0.036735 0.091545
0.042857 0.031158
0.048980 0.007604
0.055102 0.003824
0.061224 0.007525
0.067347 0.012140
0.073469 0.014937
0.079592 0.015077
0.085714 0.012753
0.091837 0.008969
0.097959 0.005147
0.104082 0.002429
0.110204 0.001162
0.116327 0.000957
0.122449 0.001183
0.128571 0.001434
0.134694 0.001624
0.140816 0.001800
0.146939 0.001943
0.153061 0.001965
0.159184 0.001812
0.165306 0.001541
0.171429 0.001267
0.177551 0.001069
0.183673 0.000944
0.189796 0.000846
0.195918 0.000742
0.202041 0.000635
0.208163 0.000544
0.214286 0.000475
0.220408 0.000421
0.226531 0.000373
0.232653 0.000328
0.238776 0.000287
0.244898 0.000256
0.251020 0.000233
0.257143 0.000219
0.263265 0.000211
0.269388 0.000204
0.275510 0.000191
0.281633 0.000171
0.287755 0.000149
0.293878 0.000136
0.300000 0.000136
