0.000000 1.000000
0.006122 0.992382
0.012245 0.969872
0.018367 0.933483
0.024490 0.884821
0.030612 0.825981
0.036735 0.759403
0.042857 0.687717
0.048980 0.613577
0.055102 0.539508
0.061224 0.467767
0.067347 0.400241
0.073469 0.338371
0.079592 0.283126
0.085714 0.235002
0.091837 0.194064
0.097959 0.160008
0.104082 0.132248
0.110204 0.110004
0.116327 0.092397
0.122449 0.078530
0.128571 0.067556
0.134694 0.058734
0.140816 0.051454
0.146939 0.045253
0.153061 0.039809
0.159184 0.034922
0.165306 0.030489
0.171429 0.026478
0.177551 0.022890
0.183673 0.019743
0.189796 0.017047
0.195918 0.014797
0.202041 0.012964
0.208163 0.011498
0.214286 0.010334
0.220408 0.009400
0.226531 0.008626
0.232653 0.007952
0.238776 0.007330
0.244898 0.006734
0.251020 0.006150
0.257143 0.005581
0.263265 0.005040
0.269388 0.004544
0.275510 0.004110
0.281633 0.003751
0.287755 0.003471
0.293878 0.003268
0.300000 0.003132
