0.000000 1.000000
0.006122 0.991855
0.012245 0.967845
0.018367 0.929211
0.024490 0.877905
0.030612 0.816431
0.036735 0.747644
0.042857 0.674535
0.048980 0.600013
0.055102 0.526719
0.061224 0.456876
0.067347 0.392191
0.073469 0.333811
0.079592 0.282337
0.085714 0.237881
0.091837 0.200154
0.097959 0.168573
0.104082 0.142381
0.110204 0.120745
0.116327 0.102849
0.122449 0.087953
0.128571 0.075436
0.134694 0.064807
0.140816 0.055702
0.146939 0.047860
0.153061 0.041103
0.159184 0.035305
0.165306 0.030368
0.171429 0.026205
0.177551 0.022727
0.183673 0.019842
0.189796 0.017452
0.195918 0.015463
0.202041 0.013786
0.208163 0.012345
0.214286 0.011078
0.220408 0.009939
0.226531 0.008898
0.232653 0.007937
0.238776 0.007048
0.244898 0.006227
0.251020 0.005472
0.257143 0.004784
0.263265 0.004160
0.269388 0.003600
0.275510 0.003101
0.281633 0.002659
0.287755 0.002274
0.293878 0.001942
0.300000 0.001662
