0.000000 1.000000
0.006122 0.993182
0.012245 0.972977
0.018367 0.940125
0.024490 0.895811
0.030612 0.841608
0.036735 0.779390
0.042857 0.711238
0.048980 0.639336
0.055102 0.565866
0.061224 0.492905
0.067347 0.422340
0.073469 0.355790
0.079592 0.294557
0.085714 0.239590
0.091837 0.191475
0.097959 0.150449
0.104082 0.116423
0.110204 0.089035
0.116327 0.067699
0.122449 0.051671
0.128571 0.040110
0.134694 0.032145
0.140816 0.026924
0.146939 0.023661
0.153061 0.021673
0.159184 0.020398
0.165306 0.019407
0.171429 0.018405
0.177551 0.017216
0.183673 0.015766
0.189796 0.014066
0.195918 0.012181
0.202041 0.010212
0.208163 0.008269
0.214286 0.006458
0.220408 0.004865
0.226531 0.003547
0.232653 0.002533
0.238776 0.001820
0.244898 0.001381
0.251020 0.001170
0.257143 0.001128
0.263265 0.001197
0.269388 0.001318
0.275510 0.001444
0.281633 0.001540
0.287755 0.001586
0.293878 0.001574
0.300000 0.001509
